 TIMESTAMP IN PORT STATUS DATA1 DATA2 CHAN NOTE EVENT               
 0004B7A6   1   4     F0  Buffer:     6 Bytes   System Exclusive      
 SYSX: F0 7E 10 06 01 F7
 0004B7A7   3   3     F0  Buffer:    15 Bytes   System Exclusive      
 SYSX: F0 7E 10 06 02 41 3C 02 00 00 00 01 00 00 F7
 0004B7B1   1   4     F0  Buffer:    17 Bytes   System Exclusive      
 SYSX: F0 41 10 00 00 3C 11 01 00 00 04 00 00 00 02 79 F7
 0004B7B4   3   3     F0  Buffer:    15 Bytes   System Exclusive      
 SYSX: F0 41 10 00 00 3C 12 01 00 00 04 57 00 24 F7
 0004B7D9   1   4     F0  Buffer:    17 Bytes   System Exclusive      
 SYSX: F0 41 10 00 00 3C 11 30 00 00 00 00 00 00 4F 01 F7
 0004B7DD   3   3     F0  Buffer:    92 Bytes   System Exclusive      
 SYSX: F0 41 10 00 00 3C 12 30 00 00 00 41 58 20 53 61 77 20
 SYSX: 4C 65 61 64 20 16 00 4B 40 00 40 40 40 00 08 00 00 01
 SYSX: 01 01 00 00 09 01 07 08 00 40 40 40 40 40 00 00 02 02
 SYSX: 01 09 4A 00 40 00 4A 00 4A 61 02 45 04 75 03 43 00 4A
 SYSX: 02 02 43 09 48 00 4A 00 4A 04 02 4A 04 2F 00 4A 00 4A
 SYSX: 51 F7
 0004B7E4   1   4     F0  Buffer:    17 Bytes   System Exclusive      
 SYSX: F0 41 10 00 00 3C 11 30 00 02 00 00 00 01 11 3C F7
 0004B7F0   3   3     F0  Buffer:   158 Bytes   System Exclusive      
 SYSX: F0 41 10 00 00 3C 12 30 00 02 00 01 56 1C 28 00 00 40
 SYSX: 00 40 00 40 00 40 00 00 00 00 08 00 00 01 08 00 01 09
 SYSX: 08 00 00 06 08 00 01 08 08 00 00 00 08 00 00 0A 08 00
 SYSX: 00 0F 08 00 00 00 08 00 00 01 08 00 01 03 08 00 07 0F
 SYSX: 08 00 00 00 08 00 00 00 08 00 00 00 08 00 00 00 08 00
 SYSX: 00 00 08 00 00 00 08 00 00 00 08 00 00 00 08 00 00 00
 SYSX: 08 00 00 00 08 00 00 00 08 00 00 00 08 00 00 00 08 00
 SYSX: 00 00 08 00 00 00 08 00 00 00 08 00 00 00 08 00 00 00
 SYSX: 08 00 00 00 08 00 00 00 08 00 00 00 65 F7
 0004B7FB   1   4     F0  Buffer:    17 Bytes   System Exclusive      
 SYSX: F0 41 10 00 00 3C 11 30 00 04 00 00 00 00 54 78 F7
 0004B80E   3   3     F0  Buffer:    97 Bytes   System Exclusive      
 SYSX: F0 41 10 00 00 3C 12 30 00 04 00 02 54 00 02 08 00 00
 SYSX: 00 08 02 01 02 08 00 00 09 08 00 00 00 08 03 0E 08 08
 SYSX: 00 00 0C 08 00 00 00 08 01 00 09 08 00 01 05 08 00 03
 SYSX: 06 08 00 01 01 08 00 04 07 08 00 04 05 08 00 07 01 08
 SYSX: 00 00 00 08 00 00 00 08 00 00 00 08 00 00 00 08 00 00
 SYSX: 00 08 00 00 00 6A F7
 0004B81A   1   4     F0  Buffer:    17 Bytes   System Exclusive      
 SYSX: F0 41 10 00 00 3C 11 30 00 06 00 00 00 00 53 77 F7
 0004B840   3   3     F0  Buffer:    96 Bytes   System Exclusive      
 SYSX: F0 41 10 00 00 3C 12 30 00 06 00 04 5A 00 08 00 03 0C
 SYSX: 08 00 05 07 08 00 00 07 08 00 00 0B 08 00 07 0F 08 00
 SYSX: 07 0F 08 00 01 03 08 00 02 04 08 00 00 00 08 00 02 04
 SYSX: 08 00 00 00 08 00 00 00 08 00 00 00 08 00 00 00 08 00
 SYSX: 00 00 08 00 00 00 08 00 00 00 08 00 00 00 08 00 00 00
 SYSX: 08 00 00 00 63 F7
 0004B847   1   4     F0  Buffer:    17 Bytes   System Exclusive      
 SYSX: F0 41 10 00 00 3C 11 30 00 10 00 00 00 00 29 17 F7
 0004B85E   3   3     F0  Buffer:    54 Bytes   System Exclusive      
 SYSX: F0 41 10 00 00 3C 12 30 00 10 00 00 00 00 00 00 01 00
 SYSX: 60 00 28 01 7F 00 00 00 00 7F 00 00 01 7F 00 00 01 00
 SYSX: 60 00 28 01 7F 00 00 00 00 7F 00 00 01 7F 00 00 30 F7
 0004B865   1   4     F0  Buffer:    17 Bytes   System Exclusive      
 SYSX: F0 41 10 00 00 3C 11 30 00 20 00 00 00 01 1A 15 F7
 0004B87E   3   3     F0  Buffer:   167 Bytes   System Exclusive      
 SYSX: F0 41 10 00 00 3C 12 30 00 20 00 7F 40 3D 00 40 40 00
 SYSX: 40 01 00 00 00 7F 00 00 7F 7F 00 01 01 01 00 00 01 00
 SYSX: 01 01 01 00 01 00 01 01 00 00 01 01 00 00 01 00 00 01
 SYSX: 07 00 00 0B 09 00 00 00 00 03 00 00 00 00 4A 4C 40 40
 SYSX: 40 40 09 02 00 00 34 42 40 40 40 01 5F 44 01 40 00 40
 SYSX: 47 01 50 45 40 40 06 20 00 20 00 7F 02 00 00 40 3C 03
 SYSX: 01 44 40 40 40 09 0A 0A 0F 7F 7F 7F 01 05 0C 02 00 00
 SYSX: 40 00 00 01 40 40 40 40 05 07 0F 02 00 00 40 00 00 00
 SYSX: 40 40 40 40 00 40 40 40 40 40 40 40 40 40 40 40 40 40
 SYSX: 40 40 40 4B F7
 0004B885   1   4     F0  Buffer:    17 Bytes   System Exclusive      
 SYSX: F0 41 10 00 00 3C 11 30 00 22 00 00 00 01 1A 13 F7
 0004B892   3   3     F0  Buffer:   167 Bytes   System Exclusive      
 SYSX: F0 41 10 00 00 3C 12 30 00 22 00 19 40 40 00 40 40 00
 SYSX: 40 01 00 00 00 7F 00 00 7F 7F 00 01 01 01 00 00 01 00
 SYSX: 01 01 01 01 01 00 01 01 00 00 01 01 00 00 01 00 00 01
 SYSX: 07 00 00 00 00 00 00 00 00 03 00 00 00 00 4A 40 40 40
 SYSX: 40 40 00 00 00 00 40 7F 7F 40 40 04 60 39 01 40 05 40
 SYSX: 54 01 50 40 40 40 00 02 00 20 00 7F 02 00 00 3C 00 03
 SYSX: 01 60 40 40 40 00 0A 0A 0A 7F 7F 7F 01 05 0E 02 00 00
 SYSX: 40 00 00 01 40 40 40 40 01 05 0C 02 00 00 40 00 00 00
 SYSX: 40 40 40 40 00 40 40 40 40 40 40 40 40 40 40 40 40 40
 SYSX: 40 40 40 25 F7
 0004B89A   1   4     F0  Buffer:    17 Bytes   System Exclusive      
 SYSX: F0 41 10 00 00 3C 11 30 00 24 00 00 00 01 1A 11 F7
 0004B8C7   3   3     F0  Buffer:   167 Bytes   System Exclusive      
 SYSX: F0 41 10 00 00 3C 12 30 00 24 00 7F 40 43 00 40 40 00
 SYSX: 40 01 00 00 00 7F 00 00 7F 7F 00 01 01 01 00 00 01 01
 SYSX: 01 01 01 00 01 00 01 01 00 00 01 01 00 00 01 00 00 01
 SYSX: 07 00 00 0B 09 00 00 00 00 03 00 00 00 00 4A 34 40 40
 SYSX: 40 40 09 02 00 00 34 42 40 40 40 01 5F 44 01 40 00 40
 SYSX: 47 01 50 45 40 40 06 20 00 20 00 7F 02 00 00 40 3C 03
 SYSX: 01 44 40 40 40 09 0A 0A 0F 7F 7F 7F 01 05 0C 02 00 00
 SYSX: 40 00 00 01 40 40 40 40 05 07 0F 02 00 00 40 00 00 00
 SYSX: 42 40 40 40 00 40 40 40 40 40 40 40 40 40 40 40 40 40
 SYSX: 40 40 40 56 F7
 0004B8CE   1   4     F0  Buffer:    17 Bytes   System Exclusive      
 SYSX: F0 41 10 00 00 3C 11 30 00 26 00 00 00 01 1A 0F F7
 0004B8FD   3   3     F0  Buffer:   167 Bytes   System Exclusive      
 SYSX: F0 41 10 00 00 3C 12 30 00 26 00 7F 40 40 00 40 40 00
 SYSX: 40 01 00 00 00 7F 7F 7F 7F 7F 01 01 01 01 00 00 00 00
 SYSX: 00 00 00 00 00 00 00 00 00 00 00 00 00 00 01 00 00 01
 SYSX: 07 00 00 00 00 00 00 00 00 01 00 00 00 00 4A 40 40 40
 SYSX: 40 40 28 50 28 00 40 22 5E 40 40 00 7F 40 01 40 00 40
 SYSX: 40 01 40 40 40 40 00 0A 0A 40 00 7F 7F 7F 00 40 3C 03
 SYSX: 01 60 40 40 40 00 0A 0A 0A 7F 7F 7F 01 05 0C 02 00 00
 SYSX: 40 00 00 00 40 40 40 40 01 05 0C 02 00 00 40 00 00 00
 SYSX: 40 40 40 40 00 40 40 40 40 40 40 40 40 40 40 40 40 40
 SYSX: 40 40 40 42 F7
