 TIMESTAMP IN PORT STATUS DATA1 DATA2 CHAN NOTE EVENT               
 000B0166   1   4     F0  Buffer:     6 Bytes   System Exclusive      
 SYSX: F0 7E 10 06 01 F7
 000B0168   3   3     F0  Buffer:    15 Bytes   System Exclusive      
 SYSX: F0 7E 10 06 02 41 3C 02 00 00 00 01 00 00 F7
 000B018B   1   4     F0  Buffer:    65 Bytes   System Exclusive      
 SYSX: F0 41 10 00 00 3C 12 01 00 00 00 00 55 00 00 57 00 00
 SYSX: 56 00 00 01 01 01 01 01 01 00 00 40 40 00 00 00 05 05
 SYSX: 00 00 00 02 40 00 64 00 00 00 00 00 00 00 64 7F 00 00
 SYSX: 00 00 00 00 00 3C 01 00 00 27 F7
 000B01A3   1   4     F0  Buffer:    43 Bytes   System Exclusive      
 SYSX: F0 41 10 00 00 3C 12 02 00 00 00 00 04 00 00 40 7F 01
 SYSX: 00 01 0F 00 09 40 40 40 40 40 40 40 40 40 40 40 40 01
 SYSX: 61 02 04 01 01 37 F7
 000B01BA   1   4     F0  Buffer:    92 Bytes   System Exclusive      
 SYSX: F0 41 10 00 00 3C 12 02 00 40 00 01 01 00 01 64 00 00
 SYSX: 0B 00 05 00 00 7F 00 64 00 00 00 00 00 00 00 00 01 64
 SYSX: 04 00 24 01 3C 00 01 3C 00 01 3C 00 01 3C 00 01 3C 00
 SYSX: 01 3C 00 01 3C 00 01 3C 00 01 3C 00 01 3C 00 01 3C 00
 SYSX: 01 3C 00 01 3C 00 01 3C 00 01 3C 00 01 3C 00 00 00 00
 SYSX: 07 F7
 000B01DC   1   4     F0  Buffer:    92 Bytes   System Exclusive      
 SYSX: F0 41 10 00 00 3C 12 1F 00 00 00 49 4E 49 54 20 50 41
 SYSX: 54 43 48 20 20 00 00 7F 40 00 40 40 40 00 00 01 00 00
 SYSX: 00 00 00 00 14 00 00 00 00 40 40 40 40 40 0D 00 02 02
 SYSX: 01 09 4A 00 40 00 40 00 40 61 04 40 02 40 00 40 00 40
 SYSX: 02 04 40 02 40 00 40 00 40 04 04 40 02 40 00 40 00 40
 SYSX: 6B F7
 000B01F1   1   4     F0  Buffer:   158 Bytes   System Exclusive      
 SYSX: F0 41 10 00 00 3C 12 1F 00 02 00 00 7F 00 00 00 00 40
 SYSX: 00 40 00 40 00 40 00 00 00 00 08 00 00 00 08 00 00 00
 SYSX: 08 00 00 00 08 00 00 00 08 00 00 00 08 00 00 00 08 00
 SYSX: 00 00 08 00 00 00 08 00 00 00 08 00 00 00 08 00 00 00
 SYSX: 08 00 00 00 08 00 00 00 08 00 00 00 08 00 00 00 08 00
 SYSX: 00 00 08 00 00 00 08 00 00 00 08 00 00 00 08 00 00 00
 SYSX: 08 00 00 00 08 00 00 00 08 00 00 00 08 00 00 00 08 00
 SYSX: 00 00 08 00 00 00 08 00 00 00 08 00 00 00 08 00 00 00
 SYSX: 08 00 00 00 08 00 00 00 08 00 00 00 60 F7
 000B0229   1   4     F0  Buffer:    97 Bytes   System Exclusive      
 SYSX: F0 41 10 00 00 3C 12 1F 00 04 00 00 7F 00 00 08 00 00
 SYSX: 00 08 00 00 00 08 00 00 00 08 00 00 00 08 00 00 00 08
 SYSX: 00 00 00 08 00 00 00 08 00 00 00 08 00 00 00 08 00 00
 SYSX: 00 08 00 00 00 08 00 00 00 08 00 00 00 08 00 00 00 08
 SYSX: 00 00 00 08 00 00 00 08 00 00 00 08 00 00 00 08 00 00
 SYSX: 00 08 00 00 00 3E F7
 000B0240   1   4     F0  Buffer:    96 Bytes   System Exclusive      
 SYSX: F0 41 10 00 00 3C 12 1F 00 06 00 00 7F 00 08 00 00 00
 SYSX: 08 00 00 00 08 00 00 00 08 00 00 00 08 00 00 00 08 00
 SYSX: 00 00 08 00 00 00 08 00 00 00 08 00 00 00 08 00 00 00
 SYSX: 08 00 00 00 08 00 00 00 08 00 00 00 08 00 00 00 08 00
 SYSX: 00 00 08 00 00 00 08 00 00 00 08 00 00 00 08 00 00 00
 SYSX: 08 00 00 00 3C F7
 000B0263   1   4     F0  Buffer:    54 Bytes   System Exclusive      
 SYSX: F0 41 10 00 00 3C 12 1F 00 10 00 00 00 00 00 01 01 00
 SYSX: 7F 00 00 01 7F 00 00 00 00 7F 00 00 01 7F 00 00 00 00
 SYSX: 7F 00 00 01 7F 00 00 00 00 7F 00 00 01 7F 00 00 53 F7
 000B027B   1   4     F0  Buffer:   167 Bytes   System Exclusive      
 SYSX: F0 41 10 00 00 3C 12 1F 00 20 00 7F 40 40 00 40 40 00
 SYSX: 40 01 00 00 00 7F 00 00 7F 7F 00 01 01 01 00 00 01 01
 SYSX: 01 01 01 01 01 01 01 01 01 01 01 01 01 01 01 00 00 01
 SYSX: 07 00 00 00 01 00 00 00 00 01 00 00 00 00 4A 40 40 40
 SYSX: 40 40 28 50 28 00 40 22 5E 40 40 01 7F 40 01 40 00 40
 SYSX: 40 01 40 40 40 40 00 0A 0A 40 00 7F 7F 7F 00 40 3C 03
 SYSX: 01 60 40 40 40 00 0A 0A 0A 7F 7F 7F 01 05 0C 02 00 00
 SYSX: 40 00 00 00 40 40 40 40 01 05 0C 02 00 00 40 00 00 00
 SYSX: 40 40 40 40 00 40 40 40 40 40 40 40 40 40 40 40 40 40
 SYSX: 40 40 40 46 F7
 000B02A6   1   4     F0  Buffer:   167 Bytes   System Exclusive      
 SYSX: F0 41 10 00 00 3C 12 1F 00 22 00 7F 40 40 00 40 40 00
 SYSX: 40 01 00 00 00 7F 00 00 7F 7F 00 01 01 01 00 00 01 01
 SYSX: 01 01 01 01 01 01 01 01 01 01 01 01 01 01 01 00 00 01
 SYSX: 07 00 00 00 01 00 00 00 00 01 00 00 00 00 4A 40 40 40
 SYSX: 40 40 28 50 28 00 40 22 5E 40 40 01 7F 40 01 40 00 40
 SYSX: 40 01 40 40 40 40 00 0A 0A 40 00 7F 7F 7F 00 40 3C 03
 SYSX: 01 60 40 40 40 00 0A 0A 0A 7F 7F 7F 01 05 0C 02 00 00
 SYSX: 40 00 00 00 40 40 40 40 01 05 0C 02 00 00 40 00 00 00
 SYSX: 40 40 40 40 00 40 40 40 40 40 40 40 40 40 40 40 40 40
 SYSX: 40 40 40 44 F7
 000B02D4   1   4     F0  Buffer:   167 Bytes   System Exclusive      
 SYSX: F0 41 10 00 00 3C 12 1F 00 24 00 7F 40 40 00 40 40 00
 SYSX: 40 01 00 00 00 7F 00 00 7F 7F 00 01 01 01 00 00 01 01
 SYSX: 01 01 01 01 01 01 01 01 01 01 01 01 01 01 01 00 00 01
 SYSX: 07 00 00 00 01 00 00 00 00 01 00 00 00 00 4A 40 40 40
 SYSX: 40 40 28 50 28 00 40 22 5E 40 40 01 7F 40 01 40 00 40
 SYSX: 40 01 40 40 40 40 00 0A 0A 40 00 7F 7F 7F 00 40 3C 03
 SYSX: 01 60 40 40 40 00 0A 0A 0A 7F 7F 7F 01 05 0C 02 00 00
 SYSX: 40 00 00 00 40 40 40 40 01 05 0C 02 00 00 40 00 00 00
 SYSX: 40 40 40 40 00 40 40 40 40 40 40 40 40 40 40 40 40 40
 SYSX: 40 40 40 42 F7
 000B0310   1   4     F0  Buffer:   167 Bytes   System Exclusive      
 SYSX: F0 41 10 00 00 3C 12 1F 00 26 00 7F 40 40 00 40 40 00
 SYSX: 40 01 00 00 00 7F 00 00 7F 7F 00 01 01 01 00 00 01 01
 SYSX: 01 01 01 01 01 01 01 01 01 01 01 01 01 01 01 00 00 01
 SYSX: 07 00 00 00 01 00 00 00 00 01 00 00 00 00 4A 40 40 40
 SYSX: 40 40 28 50 28 00 40 22 5E 40 40 01 7F 40 01 40 00 40
 SYSX: 40 01 40 40 40 40 00 0A 0A 40 00 7F 7F 7F 00 40 3C 03
 SYSX: 01 60 40 40 40 00 0A 0A 0A 7F 7F 7F 01 05 0C 02 00 00
 SYSX: 40 00 00 00 40 40 40 40 01 05 0C 02 00 00 40 00 00 00
 SYSX: 40 40 40 40 00 40 40 40 40 40 40 40 40 40 40 40 40 40
 SYSX: 40 40 40 40 F7
